+---------------------+------------------+------------------+--------------------+------------------------------+-------------+------------+------------+
|   Number of threads |   Quality factor |   Induction (mH) |   Capacitance (nF) |   Resonant resistance (kOhm) |   Bandwidth |   C_1 (pF) |   C_2 (pF) |
+=====================+==================+==================+====================+==============================+=============+============+============+
|                  24 |          1379.23 |        0.075155  |            56.115  |                      50.4749 |     56.1909 |    81.4602 |    81.2832 |
+---------------------+------------------+------------------+--------------------+------------------------------+-------------+------------+------------+
|                  25 |          1392.46 |        0.0815484 |            51.7156 |                      55.2943 |     55.6568 |    74.3594 |    74.1993 |
+---------------------+------------------+------------------+--------------------+------------------------------+-------------+------------+------------+
|                  26 |          1404.91 |        0.0882028 |            47.814  |                      60.3409 |     55.1638 |    68.1398 |    67.9944 |
+---------------------+------------------+------------------+--------------------+------------------------------+-------------+------------+------------+
|                  27 |          1416.63 |        0.0951181 |            44.3378 |                      65.6147 |     54.7073 |    62.6625 |    62.5299 |
+---------------------+------------------+------------------+--------------------+------------------------------+-------------+------------+------------+
|                  28 |          1427.69 |        0.102294  |            41.2273 |                      71.1161 |     54.2834 |    57.8146 |    57.6932 |
+---------------------+------------------+------------------+--------------------+------------------------------+-------------+------------+------------+
|                  29 |          1438.15 |        0.109732  |            38.4331 |                      76.8452 |     53.8888 |    53.5039 |    53.3924 |
+---------------------+------------------+------------------+--------------------+------------------------------+-------------+------------+------------+
|                  30 |          1448.05 |        0.11743   |            35.9136 |                      82.8022 |     53.5204 |    49.6543 |    49.5515 |
+---------------------+------------------+------------------+--------------------+------------------------------+-------------+------------+------------+
|                  31 |          1457.43 |        0.125389  |            33.634  |                      88.9872 |     53.1759 |    46.2028 |    46.1078 |
+---------------------+------------------+------------------+--------------------+------------------------------+-------------+------------+------------+
|                  32 |          1466.34 |        0.133609  |            31.5647 |                      95.4005 |     52.8528 |    43.0965 |    43.0085 |
+---------------------+------------------+------------------+--------------------+------------------------------+-------------+------------+------------+
|                  33 |          1474.8  |        0.14209   |            29.6807 |                     102.042  |     52.5494 |    40.2913 |    40.2094 |
+---------------------+------------------+------------------+--------------------+------------------------------+-------------+------------+------------+
|                  34 |          1482.86 |        0.150832  |            27.9604 |                     108.912  |     52.2638 |    37.7496 |    37.6733 |
+---------------------+------------------+------------------+--------------------+------------------------------+-------------+------------+------------+
|                  35 |          1490.54 |        0.159835  |            26.3855 |                     116.011  |     51.9945 |    35.4395 |    35.3683 |
+---------------------+------------------+------------------+--------------------+------------------------------+-------------+------------+------------+
|                  36 |          1497.87 |        0.169099  |            24.94   |                     123.338  |     51.7401 |    33.334  |    33.2673 |
+---------------------+------------------+------------------+--------------------+------------------------------+-------------+------------+------------+
|                  37 |          1504.87 |        0.178624  |            23.6101 |                     130.894  |     51.4996 |    31.4096 |    31.3471 |
+---------------------+------------------+------------------+--------------------+------------------------------+-------------+------------+------------+
|                  38 |          1511.56 |        0.188409  |            22.3838 |                     138.678  |     51.2716 |    29.6463 |    29.5875 |
+---------------------+------------------+------------------+--------------------+------------------------------+-------------+------------+------------+
|                  39 |          1517.96 |        0.198456  |            21.2506 |                     146.692  |     51.0554 |    28.0267 |    27.9713 |
+---------------------+------------------+------------------+--------------------+------------------------------+-------------+------------+------------+
|                  40 |          1524.09 |        0.208764  |            20.2014 |                     154.934  |     50.85   |    26.5356 |    26.4834 |
+---------------------+------------------+------------------+--------------------+------------------------------+-------------+------------+------------+
|                  41 |          1529.97 |        0.219333  |            19.228  |                     163.406  |     50.6546 |    25.1598 |    25.1105 |
+---------------------+------------------+------------------+--------------------+------------------------------+-------------+------------+------------+
|                  42 |          1535.61 |        0.230162  |            18.3233 |                     172.106  |     50.4685 |    23.8878 |    23.8412 |
+---------------------+------------------+------------------+--------------------+------------------------------+-------------+------------+------------+
|                  43 |          1541.03 |        0.241253  |            17.4809 |                     181.036  |     50.2911 |    22.7094 |    22.6653 |
+---------------------+------------------+------------------+--------------------+------------------------------+-------------+------------+------------+
|                  44 |          1546.24 |        0.252604  |            16.6954 |                     190.195  |     50.1217 |    21.6158 |    21.5739 |
+---------------------+------------------+------------------+--------------------+------------------------------+-------------+------------+------------+
|                  45 |          1551.25 |        0.264217  |            15.9616 |                     199.583  |     49.9599 |    20.599  |    20.5592 |
+---------------------+------------------+------------------+--------------------+------------------------------+-------------+------------+------------+