+---------------------+------------------+------------------+--------------------+------------------------------+-------------+------------+------------+
|   Number of threads |   Quality factor |   Induction (mH) |   Capacitance (nF) |   Resonant resistance (kOhm) |   Bandwidth |   C_1 (pF) |   C_2 (pF) |
+=====================+==================+==================+====================+==============================+=============+============+============+
|                  71 |          341.569 |         0.305598 |           13.8002  |                      50.8288 |     226.894 |    81.1613 |    80.4515 |
+---------------------+------------------+------------------+--------------------+------------------------------+-------------+------------+------------+
|                  72 |          341.761 |         0.314267 |           13.4196  |                      52.3001 |     226.767 |    78.8779 |    78.1885 |
+---------------------+------------------+------------------+--------------------+------------------------------+-------------+------------+------------+
|                  73 |          341.948 |         0.323057 |           13.0544  |                      53.7924 |     226.643 |    76.6895 |    76.0196 |
+---------------------+------------------+------------------+--------------------+------------------------------+-------------+------------+------------+
|                  74 |          342.13  |         0.331969 |           12.704   |                      55.3057 |     226.522 |    74.5909 |    73.9397 |
+---------------------+------------------+------------------+--------------------+------------------------------+-------------+------------+------------+
|                  75 |          342.308 |         0.341001 |           12.3675  |                      56.8401 |     226.404 |    72.5772 |    71.9439 |
+---------------------+------------------+------------------+--------------------+------------------------------+-------------+------------+------------+
|                  76 |          342.481 |         0.350155 |           12.0441  |                      58.3954 |     226.29  |    70.644  |    70.0279 |
+---------------------+------------------+------------------+--------------------+------------------------------+-------------+------------+------------+
|                  77 |          342.65  |         0.359431 |           11.7333  |                      59.9718 |     226.179 |    68.7869 |    68.1873 |
+---------------------+------------------+------------------+--------------------+------------------------------+-------------+------------+------------+
|                  78 |          342.814 |         0.368827 |           11.4344  |                      61.5691 |     226.07  |    67.0022 |    66.4184 |
+---------------------+------------------+------------------+--------------------+------------------------------+-------------+------------+------------+
|                  79 |          342.975 |         0.378345 |           11.1468  |                      63.1875 |     225.964 |    65.2859 |    64.7174 |
+---------------------+------------------+------------------+--------------------+------------------------------+-------------+------------+------------+
|                  80 |          343.131 |         0.387984 |           10.8698  |                      64.8269 |     225.861 |    63.6348 |    63.0809 |
+---------------------+------------------+------------------+--------------------+------------------------------+-------------+------------+------------+
|                  81 |          343.284 |         0.397744 |           10.6031  |                      66.4874 |     225.76  |    62.0455 |    61.5056 |
+---------------------+------------------+------------------+--------------------+------------------------------+-------------+------------+------------+
|                  82 |          343.434 |         0.407626 |           10.3461  |                      68.1688 |     225.662 |    60.515  |    59.9886 |
+---------------------+------------------+------------------+--------------------+------------------------------+-------------+------------+------------+
|                  83 |          343.579 |         0.417628 |           10.0983  |                      69.8713 |     225.566 |    59.0404 |    58.5271 |
+---------------------+------------------+------------------+--------------------+------------------------------+-------------+------------+------------+
|                  84 |          343.722 |         0.427752 |            9.85927 |                      71.5947 |     225.473 |    57.619  |    57.1183 |
+---------------------+------------------+------------------+--------------------+------------------------------+-------------+------------+------------+
|                  85 |          343.861 |         0.437997 |            9.62865 |                      73.3392 |     225.382 |    56.2483 |    55.7597 |
+---------------------+------------------+------------------+--------------------+------------------------------+-------------+------------+------------+
|                  86 |          343.997 |         0.448364 |            9.40603 |                      75.1047 |     225.292 |    54.926  |    54.4491 |
+---------------------+------------------+------------------+--------------------+------------------------------+-------------+------------+------------+
|                  87 |          344.131 |         0.458852 |            9.19104 |                      76.8913 |     225.205 |    53.6497 |    53.1841 |
+---------------------+------------------+------------------+--------------------+------------------------------+-------------+------------+------------+
|                  88 |          344.261 |         0.46946  |            8.98334 |                      78.6988 |     225.12  |    52.4174 |    51.9626 |
+---------------------+------------------+------------------+--------------------+------------------------------+-------------+------------+------------+
|                  89 |          344.388 |         0.480191 |            8.7826  |                      80.5274 |     225.037 |    51.2271 |    50.7828 |
+---------------------+------------------+------------------+--------------------+------------------------------+-------------+------------+------------+
|                  90 |          344.513 |         0.491042 |            8.58852 |                      82.3769 |     224.955 |    50.0768 |    49.6427 |
+---------------------+------------------+------------------+--------------------+------------------------------+-------------+------------+------------+
|                  91 |          344.635 |         0.502015 |            8.40079 |                      84.2475 |     224.876 |    48.9649 |    48.5405 |
+---------------------+------------------+------------------+--------------------+------------------------------+-------------+------------+------------+
|                  92 |          344.754 |         0.513109 |            8.21916 |                      86.1391 |     224.798 |    47.8896 |    47.4746 |
+---------------------+------------------+------------------+--------------------+------------------------------+-------------+------------+------------+
|                  93 |          344.871 |         0.524324 |            8.04336 |                      88.0517 |     224.722 |    46.8493 |    46.4435 |
+---------------------+------------------+------------------+--------------------+------------------------------+-------------+------------+------------+
|                  94 |          344.986 |         0.53566  |            7.87313 |                      89.9854 |     224.647 |    45.8425 |    45.4456 |
+---------------------+------------------+------------------+--------------------+------------------------------+-------------+------------+------------+
|                  95 |          345.098 |         0.547118 |            7.70825 |                      91.94   |     224.574 |    44.8678 |    44.4794 |
+---------------------+------------------+------------------+--------------------+------------------------------+-------------+------------+------------+
|                  96 |          345.208 |         0.558697 |            7.5485  |                      93.9157 |     224.503 |    43.9239 |    43.5438 |
+---------------------+------------------+------------------+--------------------+------------------------------+-------------+------------+------------+
|                  97 |          345.315 |         0.570397 |            7.39366 |                      95.9124 |     224.433 |    43.0094 |    42.6374 |
+---------------------+------------------+------------------+--------------------+------------------------------+-------------+------------+------------+
|                  98 |          345.421 |         0.582218 |            7.24354 |                      97.9301 |     224.364 |    42.1232 |    41.759  |
+---------------------+------------------+------------------+--------------------+------------------------------+-------------+------------+------------+
|                  99 |          345.524 |         0.594161 |            7.09795 |                      99.9688 |     224.297 |    41.2641 |    40.9074 |
+---------------------+------------------+------------------+--------------------+------------------------------+-------------+------------+------------+
|                 100 |          345.626 |         0.606225 |            6.9567  |                     102.029  |     224.231 |    40.431  |    40.0816 |
+---------------------+------------------+------------------+--------------------+------------------------------+-------------+------------+------------+
|                 101 |          345.725 |         0.61841  |            6.81962 |                     104.109  |     224.166 |    39.6229 |    39.2806 |
+---------------------+------------------+------------------+--------------------+------------------------------+-------------+------------+------------+
|                 102 |          345.823 |         0.630716 |            6.68656 |                     106.211  |     224.103 |    38.8388 |    38.5033 |
+---------------------+------------------+------------------+--------------------+------------------------------+-------------+------------+------------+
|                 103 |          345.919 |         0.643144 |            6.55736 |                     108.334  |     224.041 |    38.0777 |    37.7489 |
+---------------------+------------------+------------------+--------------------+------------------------------+-------------+------------+------------+
|                 104 |          346.013 |         0.655693 |            6.43186 |                     110.478  |     223.98  |    37.3388 |    37.0164 |
+---------------------+------------------+------------------+--------------------+------------------------------+-------------+------------+------------+
|                 105 |          346.105 |         0.668363 |            6.30993 |                     112.642  |     223.92  |    36.6211 |    36.3051 |
+---------------------+------------------+------------------+--------------------+------------------------------+-------------+------------+------------+
|                 106 |          346.196 |         0.681154 |            6.19144 |                     114.828  |     223.862 |    35.924  |    35.614  |
+---------------------+------------------+------------------+--------------------+------------------------------+-------------+------------+------------+
|                 107 |          346.285 |         0.694067 |            6.07625 |                     117.035  |     223.804 |    35.2466 |    34.9425 |
+---------------------+------------------+------------------+--------------------+------------------------------+-------------+------------+------------+
|                 108 |          346.372 |         0.707101 |            5.96425 |                     119.263  |     223.748 |    34.5881 |    34.2898 |
+---------------------+------------------+------------------+--------------------+------------------------------+-------------+------------+------------+
|                 109 |          346.458 |         0.720256 |            5.85531 |                     121.512  |     223.692 |    33.9479 |    33.6552 |
+---------------------+------------------+------------------+--------------------+------------------------------+-------------+------------+------------+
|                 110 |          346.542 |         0.733532 |            5.74934 |                     123.782  |     223.638 |    33.3254 |    33.0381 |
+---------------------+------------------+------------------+--------------------+------------------------------+-------------+------------+------------+
|                 111 |          346.625 |         0.74693  |            5.64621 |                     126.073  |     223.585 |    32.7198 |    32.4378 |
+---------------------+------------------+------------------+--------------------+------------------------------+-------------+------------+------------+
|                 112 |          346.706 |         0.760448 |            5.54584 |                     128.385  |     223.532 |    32.1305 |    31.8537 |
+---------------------+------------------+------------------+--------------------+------------------------------+-------------+------------+------------+
|                 113 |          346.786 |         0.774088 |            5.44812 |                     130.718  |     223.481 |    31.557  |    31.2852 |
+---------------------+------------------+------------------+--------------------+------------------------------+-------------+------------+------------+
|                 114 |          346.865 |         0.78785  |            5.35295 |                     133.072  |     223.43  |    30.9988 |    30.7318 |
+---------------------+------------------+------------------+--------------------+------------------------------+-------------+------------+------------+
|                 115 |          346.942 |         0.801732 |            5.26026 |                     135.446  |     223.38  |    30.4552 |    30.193  |
+---------------------+------------------+------------------+--------------------+------------------------------+-------------+------------+------------+
|                 116 |          347.018 |         0.815736 |            5.16996 |                     137.842  |     223.331 |    29.9258 |    29.6682 |
+---------------------+------------------+------------------+--------------------+------------------------------+-------------+------------+------------+
|                 117 |          347.093 |         0.829861 |            5.08196 |                     140.26   |     223.283 |    29.4101 |    29.157  |
+---------------------+------------------+------------------+--------------------+------------------------------+-------------+------------+------------+
|                 118 |          347.166 |         0.844107 |            4.99619 |                     142.698  |     223.236 |    28.9076 |    28.6588 |
+---------------------+------------------+------------------+--------------------+------------------------------+-------------+------------+------------+
|                 119 |          347.238 |         0.858475 |            4.91258 |                     145.157  |     223.19  |    28.4178 |    28.1734 |
+---------------------+------------------+------------------+--------------------+------------------------------+-------------+------------+------------+
|                 120 |          347.309 |         0.872964 |            4.83104 |                     147.637  |     223.144 |    27.9404 |    27.7001 |
+---------------------+------------------+------------------+--------------------+------------------------------+-------------+------------+------------+
|                 121 |          347.379 |         0.887574 |            4.75152 |                     150.138  |     223.099 |    27.475  |    27.2387 |
+---------------------+------------------+------------------+--------------------+------------------------------+-------------+------------+------------+
|                 122 |          347.448 |         0.902305 |            4.67394 |                     152.66   |     223.055 |    27.021  |    26.7887 |
+---------------------+------------------+------------------+--------------------+------------------------------+-------------+------------+------------+
|                 123 |          347.516 |         0.917157 |            4.59825 |                     155.203  |     223.012 |    26.5782 |    26.3498 |
+---------------------+------------------+------------------+--------------------+------------------------------+-------------+------------+------------+
|                 124 |          347.582 |         0.932131 |            4.52439 |                     157.767  |     222.969 |    26.1463 |    25.9216 |
+---------------------+------------------+------------------+--------------------+------------------------------+-------------+------------+------------+
|                 125 |          347.648 |         0.947226 |            4.45229 |                     160.352  |     222.927 |    25.7247 |    25.5037 |
+---------------------+------------------+------------------+--------------------+------------------------------+-------------+------------+------------+
|                 126 |          347.713 |         0.962442 |            4.3819  |                     162.958  |     222.885 |    25.3133 |    25.0958 |
+---------------------+------------------+------------------+--------------------+------------------------------+-------------+------------+------------+
|                 127 |          347.776 |         0.97778  |            4.31316 |                     165.586  |     222.845 |    24.9116 |    24.6977 |
+---------------------+------------------+------------------+--------------------+------------------------------+-------------+------------+------------+
|                 128 |          347.839 |         0.993239 |            4.24603 |                     168.234  |     222.804 |    24.5195 |    24.3089 |
+---------------------+------------------+------------------+--------------------+------------------------------+-------------+------------+------------+
|                 129 |          347.9   |         1.00882  |            4.18046 |                     170.903  |     222.765 |    24.1365 |    23.9293 |
+---------------------+------------------+------------------+--------------------+------------------------------+-------------+------------+------------+
|                 130 |          347.961 |         1.02452  |            4.11639 |                     173.593  |     222.726 |    23.7624 |    23.5585 |
+---------------------+------------------+------------------+--------------------+------------------------------+-------------+------------+------------+
|                 131 |          348.021 |         1.04034  |            4.05378 |                     176.304  |     222.688 |    23.397  |    23.1962 |
+---------------------+------------------+------------------+--------------------+------------------------------+-------------+------------+------------+
|                 132 |          348.08  |         1.05629  |            3.9926  |                     179.037  |     222.65  |    23.0399 |    22.8422 |
+---------------------+------------------+------------------+--------------------+------------------------------+-------------+------------+------------+
|                 133 |          348.138 |         1.07235  |            3.93278 |                     181.79   |     222.613 |    22.691  |    22.4963 |
+---------------------+------------------+------------------+--------------------+------------------------------+-------------+------------+------------+
|                 134 |          348.195 |         1.08854  |            3.8743  |                     184.564  |     222.576 |    22.3499 |    22.1581 |
+---------------------+------------------+------------------+--------------------+------------------------------+-------------+------------+------------+
|                 135 |          348.252 |         1.10484  |            3.81712 |                     187.36   |     222.54  |    22.0164 |    21.8276 |
+---------------------+------------------+------------------+--------------------+------------------------------+-------------+------------+------------+
|                 136 |          348.307 |         1.12127  |            3.76119 |                     190.176  |     222.505 |    21.6903 |    21.5043 |
+---------------------+------------------+------------------+--------------------+------------------------------+-------------+------------+------------+
|                 137 |          348.362 |         1.13782  |            3.70648 |                     193.013  |     222.47  |    21.3715 |    21.1882 |
+---------------------+------------------+------------------+--------------------+------------------------------+-------------+------------+------------+
|                 138 |          348.416 |         1.15449  |            3.65296 |                     195.872  |     222.435 |    21.0596 |    20.879  |
+---------------------+------------------+------------------+--------------------+------------------------------+-------------+------------+------------+
|                 139 |          348.469 |         1.17129  |            3.60059 |                     198.751  |     222.401 |    20.7545 |    20.5766 |
+---------------------+------------------+------------------+--------------------+------------------------------+-------------+------------+------------+