+---------------------+------------------+------------------+--------------------+------------------------------+-------------+------------+------------+
|   Number of threads |   Quality factor |   Induction (mH) |   Capacitance (nF) |   Resonant resistance (kOhm) |   Bandwidth |   C_1 (pF) |   C_2 (pF) |
+=====================+==================+==================+====================+==============================+=============+============+============+
|                  82 |          200.339 |         0.514289 |            8.2003  |                      50.1712 |     386.844 |    82.4812 |    81.2553 |
+---------------------+------------------+------------------+--------------------+------------------------------+-------------+------------+------------+
|                  83 |          200.897 |         0.526909 |            8.00389 |                      51.5454 |     385.771 |    80.2806 |    79.0907 |
+---------------------+------------------+------------------+--------------------+------------------------------+-------------+------------+------------+
|                  84 |          201.444 |         0.539682 |            7.81446 |                      52.9387 |     384.723 |    78.1661 |    77.0106 |
+---------------------+------------------+------------------+--------------------+------------------------------+-------------+------------+------------+
|                  85 |          201.981 |         0.552608 |            7.63167 |                      54.3512 |     383.7   |    76.1331 |    75.0107 |
+---------------------+------------------+------------------+--------------------+------------------------------+-------------+------------+------------+
|                  86 |          202.508 |         0.565687 |            7.45522 |                      55.7829 |     382.7   |    74.1778 |    73.087  |
+---------------------+------------------+------------------+--------------------+------------------------------+-------------+------------+------------+
|                  87 |          203.026 |         0.578919 |            7.28482 |                      57.2337 |     381.724 |    72.296  |    71.2356 |
+---------------------+------------------+------------------+--------------------+------------------------------+-------------+------------+------------+
|                  88 |          203.535 |         0.592304 |            7.1202  |                      58.7037 |     380.77  |    70.4843 |    69.453  |
+---------------------+------------------+------------------+--------------------+------------------------------+-------------+------------+------------+
|                  89 |          204.035 |         0.605842 |            6.96109 |                      60.193  |     379.837 |    68.7392 |    67.7359 |
+---------------------+------------------+------------------+--------------------+------------------------------+-------------+------------+------------+
|                  90 |          204.526 |         0.619533 |            6.80726 |                      61.7014 |     378.925 |    67.0576 |    66.0812 |
+---------------------+------------------+------------------+--------------------+------------------------------+-------------+------------+------------+
|                  91 |          205.009 |         0.633377 |            6.65847 |                      63.229  |     378.033 |    65.4364 |    64.4858 |
+---------------------+------------------+------------------+--------------------+------------------------------+-------------+------------+------------+
|                  92 |          205.483 |         0.647374 |            6.51451 |                      64.7758 |     377.16  |    63.8727 |    62.9469 |
+---------------------+------------------+------------------+--------------------+------------------------------+-------------+------------+------------+
|                  93 |          205.949 |         0.661524 |            6.37517 |                      66.3418 |     376.306 |    62.3639 |    61.4621 |
+---------------------+------------------+------------------+--------------------+------------------------------+-------------+------------+------------+
|                  94 |          206.408 |         0.675826 |            6.24025 |                      67.927  |     375.471 |    60.9076 |    60.0287 |
+---------------------+------------------+------------------+--------------------+------------------------------+-------------+------------+------------+
|                  95 |          206.858 |         0.690282 |            6.10956 |                      69.5314 |     374.653 |    59.5012 |    58.6445 |
+---------------------+------------------+------------------+--------------------+------------------------------+-------------+------------+------------+
|                  96 |          207.301 |         0.704891 |            5.98294 |                      71.1551 |     373.852 |    58.1425 |    57.3072 |
+---------------------+------------------+------------------+--------------------+------------------------------+-------------+------------+------------+
|                  97 |          207.737 |         0.719653 |            5.86022 |                      72.798  |     373.067 |    56.8295 |    56.0147 |
+---------------------+------------------+------------------+--------------------+------------------------------+-------------+------------+------------+
|                  98 |          208.166 |         0.734567 |            5.74123 |                      74.4601 |     372.299 |    55.5601 |    54.7652 |
+---------------------+------------------+------------------+--------------------+------------------------------+-------------+------------+------------+
|                  99 |          208.588 |         0.749635 |            5.62583 |                      76.1414 |     371.546 |    54.3325 |    53.5566 |
+---------------------+------------------+------------------+--------------------+------------------------------+-------------+------------+------------+
|                 100 |          209.003 |         0.764856 |            5.51388 |                      77.842  |     370.808 |    53.1447 |    52.3873 |
+---------------------+------------------+------------------+--------------------+------------------------------+-------------+------------+------------+
|                 101 |          209.412 |         0.780229 |            5.40524 |                      79.5618 |     370.084 |    51.9952 |    51.2556 |
+---------------------+------------------+------------------+--------------------+------------------------------+-------------+------------+------------+
|                 102 |          209.814 |         0.795756 |            5.29977 |                      81.3009 |     369.375 |    50.8823 |    50.1599 |
+---------------------+------------------+------------------+--------------------+------------------------------+-------------+------------+------------+
|                 103 |          210.209 |         0.811435 |            5.19736 |                      83.0592 |     368.68  |    49.8045 |    49.0987 |
+---------------------+------------------+------------------+--------------------+------------------------------+-------------+------------+------------+
|                 104 |          210.599 |         0.827268 |            5.09789 |                      84.8367 |     367.998 |    48.7603 |    48.0706 |
+---------------------+------------------+------------------+--------------------+------------------------------+-------------+------------+------------+
|                 105 |          210.983 |         0.843253 |            5.00125 |                      86.6336 |     367.329 |    47.7484 |    47.0742 |
+---------------------+------------------+------------------+--------------------+------------------------------+-------------+------------+------------+
|                 106 |          211.36  |         0.859392 |            4.90733 |                      88.4496 |     366.673 |    46.7674 |    46.1083 |
+---------------------+------------------+------------------+--------------------+------------------------------+-------------+------------+------------+
|                 107 |          211.732 |         0.875683 |            4.81604 |                      90.2849 |     366.029 |    45.8161 |    45.1715 |
+---------------------+------------------+------------------+--------------------+------------------------------+-------------+------------+------------+
|                 108 |          212.098 |         0.892128 |            4.72726 |                      92.1395 |     365.396 |    44.8934 |    44.2629 |
+---------------------+------------------+------------------+--------------------+------------------------------+-------------+------------+------------+
|                 109 |          212.459 |         0.908725 |            4.64092 |                      94.0134 |     364.776 |    43.998  |    43.3811 |
+---------------------+------------------+------------------+--------------------+------------------------------+-------------+------------+------------+
|                 110 |          212.815 |         0.925475 |            4.55693 |                      95.9065 |     364.167 |    43.129  |    42.5253 |
+---------------------+------------------+------------------+--------------------+------------------------------+-------------+------------+------------+
|                 111 |          213.165 |         0.942379 |            4.47519 |                      97.8189 |     363.568 |    42.2854 |    41.6944 |
+---------------------+------------------+------------------+--------------------+------------------------------+-------------+------------+------------+
|                 112 |          213.51  |         0.959435 |            4.39563 |                      99.7506 |     362.981 |    41.466  |    40.8875 |
+---------------------+------------------+------------------+--------------------+------------------------------+-------------+------------+------------+
|                 113 |          213.85  |         0.976644 |            4.31818 |                     101.702  |     362.403 |    40.6701 |    40.1036 |
+---------------------+------------------+------------------+--------------------+------------------------------+-------------+------------+------------+
|                 114 |          214.185 |         0.994006 |            4.24275 |                     103.672  |     361.836 |    39.8968 |    39.3419 |
+---------------------+------------------+------------------+--------------------+------------------------------+-------------+------------+------------+
|                 115 |          214.516 |         1.01152  |            4.16929 |                     105.661  |     361.279 |    39.1451 |    38.6015 |
+---------------------+------------------+------------------+--------------------+------------------------------+-------------+------------+------------+
|                 116 |          214.841 |         1.02919  |            4.09771 |                     107.67   |     360.731 |    38.4144 |    37.8817 |
+---------------------+------------------+------------------+--------------------+------------------------------+-------------+------------+------------+
|                 117 |          215.162 |         1.04701  |            4.02796 |                     109.698  |     360.193 |    37.7038 |    37.1818 |
+---------------------+------------------+------------------+--------------------+------------------------------+-------------+------------+------------+
|                 118 |          215.479 |         1.06499  |            3.95998 |                     111.745  |     359.664 |    37.0126 |    36.5009 |
+---------------------+------------------+------------------+--------------------+------------------------------+-------------+------------+------------+
|                 119 |          215.791 |         1.08311  |            3.89371 |                     113.812  |     359.144 |    36.3402 |    35.8385 |
+---------------------+------------------+------------------+--------------------+------------------------------+-------------+------------+------------+
|                 120 |          216.099 |         1.10139  |            3.82908 |                     115.898  |     358.632 |    35.6858 |    35.1938 |
+---------------------+------------------+------------------+--------------------+------------------------------+-------------+------------+------------+
|                 121 |          216.402 |         1.11983  |            3.76605 |                     118.003  |     358.129 |    35.0488 |    34.5662 |
+---------------------+------------------+------------------+--------------------+------------------------------+-------------+------------+------------+
|                 122 |          216.702 |         1.13841  |            3.70457 |                     120.128  |     357.634 |    34.4286 |    33.9552 |
+---------------------+------------------+------------------+--------------------+------------------------------+-------------+------------+------------+
|                 123 |          216.997 |         1.15715  |            3.64458 |                     122.272  |     357.147 |    33.8246 |    33.3602 |
+---------------------+------------------+------------------+--------------------+------------------------------+-------------+------------+------------+
|                 124 |          217.289 |         1.17604  |            3.58603 |                     124.435  |     356.668 |    33.2363 |    32.7806 |
+---------------------+------------------+------------------+--------------------+------------------------------+-------------+------------+------------+
|                 125 |          217.576 |         1.19509  |            3.52888 |                     126.617  |     356.197 |    32.6631 |    32.2159 |
+---------------------+------------------+------------------+--------------------+------------------------------+-------------+------------+------------+
|                 126 |          217.86  |         1.21428  |            3.47309 |                     128.819  |     355.733 |    32.1046 |    31.6655 |
+---------------------+------------------+------------------+--------------------+------------------------------+-------------+------------+------------+
|                 127 |          218.14  |         1.23364  |            3.41861 |                     131.04   |     355.277 |    31.5602 |    31.1291 |
+---------------------+------------------+------------------+--------------------+------------------------------+-------------+------------+------------+
|                 128 |          218.416 |         1.25314  |            3.36541 |                     133.28   |     354.827 |    31.0294 |    30.6061 |
+---------------------+------------------+------------------+--------------------+------------------------------+-------------+------------+------------+
|                 129 |          218.689 |         1.2728   |            3.31343 |                     135.54   |     354.385 |    30.5118 |    30.0961 |
+---------------------+------------------+------------------+--------------------+------------------------------+-------------+------------+------------+
|                 130 |          218.958 |         1.29261  |            3.26265 |                     137.819  |     353.949 |    30.007  |    29.5987 |
+---------------------+------------------+------------------+--------------------+------------------------------+-------------+------------+------------+
|                 131 |          219.224 |         1.31257  |            3.21303 |                     140.117  |     353.52  |    29.5146 |    29.1134 |
+---------------------+------------------+------------------+--------------------+------------------------------+-------------+------------+------------+
|                 132 |          219.486 |         1.33268  |            3.16453 |                     142.435  |     353.098 |    29.0341 |    28.64   |
+---------------------+------------------+------------------+--------------------+------------------------------+-------------+------------+------------+
|                 133 |          219.745 |         1.35295  |            3.11712 |                     144.772  |     352.682 |    28.5652 |    28.1779 |
+---------------------+------------------+------------------+--------------------+------------------------------+-------------+------------+------------+
|                 134 |          220.001 |         1.37337  |            3.07077 |                     147.128  |     352.272 |    28.1075 |    27.7269 |
+---------------------+------------------+------------------+--------------------+------------------------------+-------------+------------+------------+
|                 135 |          220.253 |         1.39395  |            3.02545 |                     149.503  |     351.868 |    27.6607 |    27.2865 |
+---------------------+------------------+------------------+--------------------+------------------------------+-------------+------------+------------+
|                 136 |          220.502 |         1.41468  |            2.98112 |                     151.898  |     351.47  |    27.2244 |    26.8565 |
+---------------------+------------------+------------------+--------------------+------------------------------+-------------+------------+------------+
|                 137 |          220.749 |         1.43556  |            2.93776 |                     154.312  |     351.078 |    26.7983 |    26.4365 |
+---------------------+------------------+------------------+--------------------+------------------------------+-------------+------------+------------+
|                 138 |          220.992 |         1.45659  |            2.89534 |                     156.746  |     350.691 |    26.382  |    26.0263 |
+---------------------+------------------+------------------+--------------------+------------------------------+-------------+------------+------------+
|                 139 |          221.232 |         1.47778  |            2.85383 |                     159.199  |     350.311 |    25.9754 |    25.6255 |
+---------------------+------------------+------------------+--------------------+------------------------------+-------------+------------+------------+
|                 140 |          221.47  |         1.49912  |            2.8132  |                     161.671  |     349.935 |    25.578  |    25.2339 |
+---------------------+------------------+------------------+--------------------+------------------------------+-------------+------------+------------+
|                 141 |          221.704 |         1.52061  |            2.77344 |                     164.162  |     349.565 |    25.1896 |    24.8511 |
+---------------------+------------------+------------------+--------------------+------------------------------+-------------+------------+------------+
|                 142 |          221.936 |         1.54225  |            2.73452 |                     166.673  |     349.2   |    24.81   |    24.4769 |
+---------------------+------------------+------------------+--------------------+------------------------------+-------------+------------+------------+
|                 143 |          222.165 |         1.56405  |            2.69641 |                     169.203  |     348.841 |    24.4388 |    24.111  |
+---------------------+------------------+------------------+--------------------+------------------------------+-------------+------------+------------+
|                 144 |          222.391 |         1.586    |            2.65909 |                     171.752  |     348.486 |    24.0759 |    23.7533 |
+---------------------+------------------+------------------+--------------------+------------------------------+-------------+------------+------------+
|                 145 |          222.614 |         1.60811  |            2.62254 |                     174.321  |     348.136 |    23.721  |    23.4034 |
+---------------------+------------------+------------------+--------------------+------------------------------+-------------+------------+------------+
|                 146 |          222.835 |         1.63037  |            2.58673 |                     176.909  |     347.791 |    23.3738 |    23.0612 |
+---------------------+------------------+------------------+--------------------+------------------------------+-------------+------------+------------+
|                 147 |          223.053 |         1.65278  |            2.55166 |                     179.517  |     347.45  |    23.0341 |    22.7264 |
+---------------------+------------------+------------------+--------------------+------------------------------+-------------+------------+------------+
|                 148 |          223.269 |         1.67534  |            2.51729 |                     182.143  |     347.115 |    22.7018 |    22.3988 |
+---------------------+------------------+------------------+--------------------+------------------------------+-------------+------------+------------+
|                 149 |          223.482 |         1.69806  |            2.48362 |                     184.789  |     346.783 |    22.3766 |    22.0782 |
+---------------------+------------------+------------------+--------------------+------------------------------+-------------+------------+------------+
|                 150 |          223.693 |         1.72093  |            2.45061 |                     187.455  |     346.456 |    22.0583 |    21.7644 |
+---------------------+------------------+------------------+--------------------+------------------------------+-------------+------------+------------+
|                 151 |          223.902 |         1.74395  |            2.41826 |                     190.14   |     346.134 |    21.7467 |    21.4572 |
+---------------------+------------------+------------------+--------------------+------------------------------+-------------+------------+------------+
|                 152 |          224.108 |         1.76712  |            2.38655 |                     192.844  |     345.816 |    21.4416 |    21.1565 |
+---------------------+------------------+------------------+--------------------+------------------------------+-------------+------------+------------+
|                 153 |          224.312 |         1.79045  |            2.35545 |                     195.567  |     345.502 |    21.1429 |    20.862  |
+---------------------+------------------+------------------+--------------------+------------------------------+-------------+------------+------------+
|                 154 |          224.513 |         1.81393  |            2.32496 |                     198.31   |     345.191 |    20.8504 |    20.5736 |
+---------------------+------------------+------------------+--------------------+------------------------------+-------------+------------+------------+