+---------------------+------------------+------------------+--------------------+------------------------------+-------------+------------+------------+
|   Number of threads |   Quality factor |   Induction (mH) |   Capacitance (nF) |   Resonant resistance (kOhm) |   Bandwidth |   C_1 (pF) |   C_2 (pF) |
+=====================+==================+==================+====================+==============================+=============+============+============+
|                  38 |          960.121 |         0.110427 |            38.191  |                      51.6278 |     80.719  |    79.679  |    79.4304 |
+---------------------+------------------+------------------+--------------------+------------------------------+-------------+------------+------------+
|                  39 |          963.805 |         0.116316 |            36.2576 |                      54.5895 |     80.4105 |    75.3557 |    75.1215 |
+---------------------+------------------+------------------+--------------------+------------------------------+-------------+------------+------------+
|                  40 |          967.331 |         0.122357 |            34.4673 |                      57.6349 |     80.1173 |    71.3734 |    71.1524 |
+---------------------+------------------+------------------+--------------------+------------------------------+-------------+------------+------------+
|                  41 |          970.71  |         0.128551 |            32.8065 |                      60.7642 |     79.8385 |    67.6975 |    67.4886 |
+---------------------+------------------+------------------+--------------------+------------------------------+-------------+------------+------------+
|                  42 |          973.949 |         0.134899 |            31.2629 |                      63.9772 |     79.573  |    64.2972 |    64.0995 |
+---------------------+------------------+------------------+--------------------+------------------------------+-------------+------------+------------+
|                  43 |          977.058 |         0.141399 |            29.8257 |                      67.2741 |     79.3198 |    61.146  |    60.9585 |
+---------------------+------------------+------------------+--------------------+------------------------------+-------------+------------+------------+
|                  44 |          980.044 |         0.148052 |            28.4854 |                      70.6548 |     79.0781 |    58.22   |    58.042  |
+---------------------+------------------+------------------+--------------------+------------------------------+-------------+------------+------------+
|                  45 |          982.915 |         0.154858 |            27.2335 |                      74.1193 |     78.8471 |    55.4984 |    55.3292 |
+---------------------+------------------+------------------+--------------------+------------------------------+-------------+------------+------------+
|                  46 |          985.677 |         0.161817 |            26.0623 |                      77.6677 |     78.6262 |    52.9626 |    52.8016 |
+---------------------+------------------+------------------+--------------------+------------------------------+-------------+------------+------------+
|                  47 |          988.335 |         0.168929 |            24.965  |                      81.3    |     78.4147 |    50.5961 |    50.4428 |
+---------------------+------------------+------------------+--------------------+------------------------------+-------------+------------+------------+
|                  48 |          990.897 |         0.176194 |            23.9357 |                      85.0161 |     78.212  |    48.3843 |    48.2381 |
+---------------------+------------------+------------------+--------------------+------------------------------+-------------+------------+------------+
|                  49 |          993.366 |         0.183612 |            22.9687 |                      88.8162 |     78.0176 |    46.314  |    46.1744 |
+---------------------+------------------+------------------+--------------------+------------------------------+-------------+------------+------------+
|                  50 |          995.748 |         0.191183 |            22.0591 |                      92.7001 |     77.8309 |    44.3734 |    44.2399 |
+---------------------+------------------+------------------+--------------------+------------------------------+-------------+------------+------------+
|                  51 |          998.048 |         0.198907 |            21.2025 |                      96.6679 |     77.6516 |    42.5519 |    42.4242 |
+---------------------+------------------+------------------+--------------------+------------------------------+-------------+------------+------------+
|                  52 |         1000.27  |         0.206783 |            20.3949 |                     100.72   |     77.4792 |    40.84   |    40.7177 |
+---------------------+------------------+------------------+--------------------+------------------------------+-------------+------------+------------+
|                  53 |         1002.42  |         0.214813 |            19.6325 |                     104.855  |     77.3133 |    39.2291 |    39.1119 |
+---------------------+------------------+------------------+--------------------+------------------------------+-------------+------------+------------+
|                  54 |         1004.49  |         0.222996 |            18.9121 |                     109.075  |     77.1535 |    37.7114 |    37.599  |
+---------------------+------------------+------------------+--------------------+------------------------------+-------------+------------+------------+
|                  55 |         1006.5   |         0.231331 |            18.2307 |                     113.378  |     76.9995 |    36.2799 |    36.1719 |
+---------------------+------------------+------------------+--------------------+------------------------------+-------------+------------+------------+
|                  56 |         1008.44  |         0.23982  |            17.5854 |                     117.766  |     76.851  |    34.9282 |    34.8244 |
+---------------------+------------------+------------------+--------------------+------------------------------+-------------+------------+------------+
|                  57 |         1010.33  |         0.248461 |            16.9738 |                     122.237  |     76.7078 |    33.6505 |    33.5507 |
+---------------------+------------------+------------------+--------------------+------------------------------+-------------+------------+------------+
|                  58 |         1012.15  |         0.257256 |            16.3935 |                     126.792  |     76.5695 |    32.4414 |    32.3454 |
+---------------------+------------------+------------------+--------------------+------------------------------+-------------+------------+------------+
|                  59 |         1013.92  |         0.266203 |            15.8425 |                     131.431  |     76.4358 |    31.2962 |    31.2038 |
+---------------------+------------------+------------------+--------------------+------------------------------+-------------+------------+------------+
|                  60 |         1015.64  |         0.275303 |            15.3188 |                     136.155  |     76.3067 |    30.2105 |    30.1214 |
+---------------------+------------------+------------------+--------------------+------------------------------+-------------+------------+------------+
|                  61 |         1017.3   |         0.284557 |            14.8207 |                     140.962  |     76.1817 |    29.1802 |    29.0943 |
+---------------------+------------------+------------------+--------------------+------------------------------+-------------+------------+------------+
|                  62 |         1018.92  |         0.293963 |            14.3465 |                     145.853  |     76.0608 |    28.2016 |    28.1187 |
+---------------------+------------------+------------------+--------------------+------------------------------+-------------+------------+------------+
|                  63 |         1020.49  |         0.303522 |            13.8946 |                     150.828  |     75.9437 |    27.2713 |    27.1912 |
+---------------------+------------------+------------------+--------------------+------------------------------+-------------+------------+------------+
|                  64 |         1022.02  |         0.313234 |            13.4638 |                     155.887  |     75.8303 |    26.3862 |    26.3089 |
+---------------------+------------------+------------------+--------------------+------------------------------+-------------+------------+------------+
|                  65 |         1023.5   |         0.323099 |            13.0527 |                     161.03   |     75.7204 |    25.5434 |    25.4687 |
+---------------------+------------------+------------------+--------------------+------------------------------+-------------+------------+------------+
|                  66 |         1024.95  |         0.333117 |            12.6602 |                     166.257  |     75.6138 |    24.7403 |    24.668  |
+---------------------+------------------+------------------+--------------------+------------------------------+-------------+------------+------------+
|                  67 |         1026.35  |         0.343288 |            12.2851 |                     171.568  |     75.5104 |    23.9744 |    23.9045 |
+---------------------+------------------+------------------+--------------------+------------------------------+-------------+------------+------------+
|                  68 |         1027.71  |         0.353612 |            11.9264 |                     176.962  |     75.41   |    23.2435 |    23.1758 |
+---------------------+------------------+------------------+--------------------+------------------------------+-------------+------------+------------+
|                  69 |         1029.04  |         0.364089 |            11.5832 |                     182.441  |     75.3126 |    22.5454 |    22.4798 |
+---------------------+------------------+------------------+--------------------+------------------------------+-------------+------------+------------+
|                  70 |         1030.34  |         0.374718 |            11.2546 |                     188.004  |     75.2179 |    21.8783 |    21.8147 |
+---------------------+------------------+------------------+--------------------+------------------------------+-------------+------------+------------+
|                  71 |         1031.6   |         0.385501 |            10.9398 |                     193.651  |     75.1259 |    21.2403 |    21.1786 |
+---------------------+------------------+------------------+--------------------+------------------------------+-------------+------------+------------+
|                  72 |         1032.83  |         0.396437 |            10.6381 |                     199.382  |     75.0364 |    20.6298 |    20.5699 |
+---------------------+------------------+------------------+--------------------+------------------------------+-------------+------------+------------+